c Random CNF formula
p cnf 20 85
-20 3 4 -7 -1 18 -12 5 -14 -10 0
-11 5 16 -13 -20 -7 -14 19 -6 8 0
18 17 14 -12 -10 4 5 -8 -11 -6 0
-9 6 -15 -3 2 18 10 -20 -1 7 0
-1 6 -9 3 16 -17 -10 -11 13 2 0
4 18 -8 11 -14 -6 -3 -13 -12 19 0
-10 2 6 -9 1 3 13 -19 7 14 0
6 -13 -1 -19 15 17 -3 -7 -8 -20 0
-13 -9 7 -17 6 11 20 -14 -15 -18 0
11 19 -16 4 -15 18 -9 7 17 -1 0
-16 6 17 2 -18 5 13 -12 -10 -4 0
2 6 19 13 20 8 9 -1 5 -12 0
-8 20 -2 7 -6 -13 -5 -1 12 -4 0
19 -2 -8 12 -6 -14 20 1 -9 -10 0
-4 -8 -3 -9 -11 16 -1 6 -19 -20 0
7 2 6 12 11 13 -20 -4 -14 9 0
-15 -7 -18 9 10 2 19 13 -8 4 0
-19 10 17 -4 -9 -13 8 7 20 -12 0
-6 9 -17 -5 -8 -2 20 7 -3 -16 0
1 5 2 16 11 20 -3 9 -17 19 0
8 11 -17 6 -2 -5 14 -12 -19 10 0
-18 -5 6 -8 -4 12 -17 10 11 -16 0
-10 7 14 17 15 16 -12 -3 11 -5 0
-10 -17 6 -2 19 -9 -7 -20 12 18 0
20 16 -2 -5 6 10 -9 8 -1 11 0
-18 15 -8 -19 12 -5 1 20 -6 -7 0
-19 2 -8 -4 9 14 15 -10 -20 11 0
3 -11 6 8 -13 -7 -15 4 -16 14 0
1 -3 14 -9 19 10 6 11 -15 -16 0
-11 8 1 -15 2 -6 9 4 5 3 0
-20 14 -2 -16 13 1 10 -4 6 18 0
-20 16 -7 8 -2 -12 -17 -13 15 -6 0
17 1 -8 -20 4 18 -2 10 -7 -14 0
13 -2 -17 6 -11 -20 -9 -15 3 -10 0
-6 -4 -8 11 17 9 -13 -10 7 -3 0
9 1 -13 -4 -8 10 15 -14 -20 17 0
7 -13 16 -1 -2 -9 17 -12 -19 14 0
14 -17 -8 15 2 -11 -16 -4 -5 3 0
9 -13 -2 -12 14 -11 -5 20 -4 -8 0
-3 -16 -20 10 15 -4 -13 -5 -14 -19 0
17 -5 -13 3 14 -15 -10 -9 -6 -2 0
12 -5 -3 -2 17 -14 -18 11 19 10 0
11 -18 19 -14 -20 6 -4 -8 -1 -10 0
1 -6 -13 12 15 -4 -9 8 18 -14 0
-19 11 17 14 12 -4 -20 5 -18 -10 0
9 -7 3 -18 -14 2 -6 -16 5 10 0
-9 17 14 12 13 -6 20 -8 -18 15 0
5 7 -2 -16 -6 10 20 -3 -11 17 0
18 -3 17 10 -8 11 -19 16 -14 2 0
5 -12 -10 -15 -20 -14 -13 2 4 18 0
-17 -16 -18 7 -10 -15 2 11 -19 14 0
6 10 15 -8 13 5 -2 -20 1 17 0
14 -19 -11 -7 -18 -6 20 16 1 2 0
-3 -8 14 -20 -9 11 -1 -13 18 7 0
8 -3 17 6 -19 -13 18 -15 5 11 0
-5 20 -12 -7 14 -1 8 -18 3 -2 0
9 -3 8 -16 -18 -7 -6 17 1 12 0
1 -7 -16 11 8 -12 20 -3 9 -15 0
8 -11 4 -2 18 -14 -20 10 -12 15 0
-16 20 15 -13 -14 3 19 18 11 9 0
-1 -15 -9 13 5 10 6 -12 20 -11 0
-15 9 -10 -11 4 -12 -13 -6 -2 -20 0
13 -10 -16 -12 -17 14 4 3 -1 18 0
6 -13 12 -8 20 11 17 -14 -16 3 0
8 -19 18 -5 -7 -12 14 -3 -17 1 0
-6 4 10 -9 14 -2 -19 -20 -13 -11 0
10 -20 16 11 8 15 -1 13 9 -3 0
9 -8 -19 20 13 -6 -5 -15 1 18 0
-4 -1 -6 20 -13 16 -5 9 -18 -7 0
-18 -9 2 3 -10 8 -1 -17 -4 -6 0
17 -9 20 -15 10 2 4 -12 -11 7 0
18 8 -6 -12 4 13 16 -14 2 20 0
-3 16 -10 6 -19 -7 18 4 13 5 0
4 2 14 -20 11 1 -7 5 -10 13 0
17 16 -2 -18 5 -4 14 -11 7 1 0
8 9 -17 16 2 10 -7 5 -6 -4 0
-16 7 -6 -19 11 8 13 -15 -12 5 0
-4 7 18 11 -19 -13 -9 6 15 14 0
5 -10 -14 16 17 -18 -20 -3 13 7 0
-1 -19 3 -17 4 -14 13 12 16 -10 0
-11 19 -12 -18 -10 17 -5 -9 2 -4 0
14 -3 16 -18 5 -12 19 17 -8 15 0
-2 14 3 5 -15 -10 -9 20 4 7 0
18 -12 14 10 -7 -2 8 9 -1 -3 0
-10 1 -20 13 16 9 18 -11 7 5 0
