c Random CNF formula
p cnf 30 105
-12 19 -3 14 2 0
28 15 -30 -25 20 0
23 28 4 -12 -5 0
4 6 -24 -15 1 0
29 -19 -24 2 -30 0
-17 22 -26 -24 8 0
24 25 -14 -26 -15 0
15 20 27 -30 8 0
15 7 -21 20 -12 0
1 24 4 -9 -14 0
-27 -5 8 24 26 0
1 12 -23 -15 -14 0
30 29 2 -12 -10 0
-19 -16 4 29 -3 0
16 29 28 -10 5 0
-7 21 18 2 19 0
6 3 23 9 -20 0
29 26 -13 -21 23 0
-2 6 30 15 29 0
5 -17 -12 -25 11 0
-22 24 -6 10 26 0
-18 30 23 1 -26 0
19 7 -24 -2 27 0
-21 -23 28 26 4 0
-23 -25 -26 -20 -29 0
21 29 3 -12 24 0
23 -15 28 27 -6 0
16 4 8 25 30 0
-9 -27 11 -20 -8 0
24 16 -13 3 25 0
-8 3 -18 16 -21 0
24 6 -4 -30 -14 0
-21 -30 -24 -4 15 0
3 -22 -1 17 11 0
-16 -3 1 23 2 0
7 2 -27 -3 8 0
-5 -21 20 -9 -19 0
-14 11 -3 30 -25 0
1 7 25 -30 -29 0
21 -9 2 -19 20 0
-29 13 24 16 -14 0
-5 8 25 23 1 0
-15 -7 26 -18 20 0
16 -15 -6 28 -8 0
-5 -15 24 -27 14 0
-3 -16 23 14 17 0
19 -11 -7 -24 8 0
-2 4 13 25 -19 0
27 22 -24 -1 11 0
-6 -19 -4 21 -5 0
7 28 -5 -25 11 0
-27 11 26 4 -18 0
-10 -13 -20 12 -18 0
-29 -11 30 13 -3 0
11 -3 -7 5 18 0
22 6 -27 -19 3 0
-5 -19 16 -1 11 0
-13 -19 -22 -5 -30 0
6 -23 4 -7 24 0
8 7 12 -11 18 0
-23 -29 27 -20 17 0
-1 -2 -3 16 25 0
-24 6 27 -10 -25 0
-18 -11 2 13 -7 0
-17 21 9 -15 27 0
13 12 5 27 28 0
24 -22 -2 -10 -5 0
7 23 -12 15 21 0
-7 19 3 -21 -4 0
-15 -30 29 26 -5 0
-29 -24 17 7 -5 0
18 17 28 20 2 0
-9 -28 -3 -16 -4 0
-5 -24 8 20 -21 0
21 5 -4 29 -14 0
5 9 21 2 27 0
-28 -24 1 -25 3 0
-7 12 10 -9 11 0
21 28 -11 -15 -5 0
9 -16 25 -30 -24 0
25 -18 -22 9 27 0
22 15 21 -12 -17 0
24 19 -22 -30 3 0
-6 -18 14 23 9 0
25 9 19 -11 -6 0
29 -14 21 -11 12 0
9 5 -15 29 -18 0
3 -30 12 -9 7 0
-23 10 -4 -25 -22 0
13 -12 28 -6 8 0
11 -26 27 -10 16 0
20 19 -16 -1 4 0
-14 -20 -28 4 -5 0
15 3 -2 -10 9 0
-8 -11 7 -10 -18 0
2 -26 -6 -4 15 0
17 5 -14 30 -13 0
26 27 -19 -16 11 0
26 9 -29 -28 8 0
-6 19 -24 -10 21 0
-24 12 -10 16 -4 0
12 4 8 -9 -3 0
-10 28 1 8 26 0
-23 -22 26 -7 6 0
21 -23 30 -14 13 0
