c Random CNF formula
p cnf 30 60
1 -24 -29 -27 11 0
18 11 30 -14 -8 0
-1 27 -2 22 6 0
29 13 18 -27 28 0
21 -17 8 -4 -18 0
-9 -12 29 -2 -23 0
-11 -15 -19 -28 18 0
9 4 11 13 -1 0
12 -15 -25 13 -4 0
-20 -4 -15 -16 27 0
15 8 -2 17 20 0
23 13 -5 -30 21 0
20 26 4 16 14 0
-7 8 -12 27 30 0
-9 -14 -2 -4 7 0
-26 12 28 -23 21 0
8 -18 -16 -25 24 0
1 14 -17 15 16 0
-30 -4 -27 21 28 0
20 -14 -25 -15 -28 0
9 -18 12 -14 -17 0
-19 24 17 -16 29 0
23 -12 7 30 2 0
-26 3 25 17 13 0
15 18 23 -12 19 0
17 -1 -7 -22 26 0
25 19 24 -27 7 0
20 11 -9 28 3 0
-28 -8 13 5 -6 0
-5 22 12 -14 24 0
-28 29 -27 -14 -11 0
-20 -6 17 29 -25 0
-10 14 8 -7 -22 0
-8 -7 15 12 16 0
-19 12 -27 -20 -17 0
1 16 22 -2 27 0
12 -26 5 -14 -28 0
-5 16 22 8 -19 0
-28 -17 29 -23 -21 0
-18 -28 10 -1 2 0
-10 21 -17 -29 9 0
-18 23 -3 1 10 0
12 14 -9 -27 30 0
-6 -19 11 -13 -2 0
-11 2 -24 -13 1 0
-15 -23 1 -4 -18 0
-26 11 -3 15 -27 0
-30 22 29 -18 -28 0
-2 5 -18 26 19 0
-12 -25 13 -1 2 0
27 10 -22 -19 -20 0
16 -2 23 -8 -18 0
-24 11 -9 -1 -16 0
17 24 19 -2 8 0
-22 -29 -2 8 -26 0
-15 -10 20 -11 13 0
-11 5 -9 12 -13 0
28 -5 3 7 -20 0
14 -15 4 12 23 0
-24 -2 14 -29 15 0
