c Random CNF formula
p cnf 40 190
4 -29 14 0
-25 19 -23 0
-37 -4 -10 0
-15 -1 8 0
-13 -34 -3 0
-24 -37 -26 0
25 -5 13 0
-3 11 10 0
-39 -12 -33 0
-30 15 -31 0
6 20 28 0
23 39 -10 0
21 5 29 0
23 31 36 0
24 38 11 0
26 -25 22 0
-9 1 28 0
-24 -27 31 0
34 -20 19 0
-4 -31 38 0
26 13 38 0
-9 -13 -3 0
-37 32 -5 0
24 6 -38 0
14 40 -20 0
39 13 14 0
14 37 24 0
39 -29 26 0
5 10 4 0
6 -27 22 0
-40 -13 -18 0
30 -27 10 0
-39 10 -5 0
-32 -21 -26 0
-2 -17 -39 0
-14 -32 -5 0
-4 -10 -7 0
-37 35 30 0
18 11 26 0
-18 -16 -26 0
-35 -4 -11 0
-8 20 35 0
-9 4 -3 0
-2 -8 40 0
-5 -14 -2 0
19 -15 37 0
-40 -13 33 0
-32 -15 12 0
-28 -1 -32 0
25 -35 -15 0
37 38 8 0
19 -6 16 0
30 21 27 0
34 -38 5 0
-31 7 11 0
35 1 -24 0
-23 16 -11 0
10 -28 9 0
33 -8 -7 0
35 -22 -18 0
2 32 35 0
30 -38 25 0
-27 30 24 0
-15 -4 -28 0
-3 -23 20 0
4 38 33 0
-24 -6 -25 0
-3 -24 -17 0
-29 -19 -13 0
-21 17 14 0
35 -4 -34 0
7 -21 -4 0
-28 26 -6 0
-22 -13 -31 0
-19 23 -9 0
-17 12 1 0
2 5 16 0
-15 -38 35 0
22 37 31 0
29 -17 40 0
33 16 1 0
24 30 4 0
-11 38 -22 0
-40 16 -29 0
9 7 33 0
-17 -13 -2 0
5 -22 -2 0
-7 -35 20 0
6 -32 33 0
-20 8 29 0
-12 -9 -30 0
35 -29 -4 0
7 -20 36 0
-39 11 32 0
-15 17 36 0
37 -27 16 0
-10 -17 6 0
-17 -15 31 0
-12 33 -16 0
-2 -7 28 0
4 9 -36 0
-25 -9 -1 0
37 31 8 0
13 -22 -10 0
-5 -2 8 0
-20 18 -13 0
37 8 -6 0
-34 39 7 0
-23 -15 -31 0
-18 -27 1 0
20 -7 23 0
36 18 6 0
-26 8 -23 0
31 14 29 0
29 3 33 0
-14 -29 -20 0
40 10 -35 0
16 -40 -23 0
21 -30 -10 0
-8 39 -11 0
5 4 -40 0
-31 33 37 0
15 32 11 0
-40 -17 31 0
23 -25 34 0
-31 -16 34 0
19 -30 -1 0
23 -14 13 0
18 -39 12 0
-15 9 6 0
23 7 -19 0
16 27 30 0
9 -10 -21 0
28 10 -25 0
-13 -38 14 0
8 -19 -27 0
28 33 -36 0
-29 24 -3 0
37 15 24 0
-33 38 -23 0
-21 -27 30 0
23 -22 -30 0
-28 -13 34 0
-26 -28 40 0
6 9 -30 0
13 -29 21 0
16 10 1 0
24 -17 35 0
-30 -24 39 0
7 -30 11 0
40 -33 -20 0
-35 -14 8 0
-27 -19 -3 0
-27 13 -10 0
2 -23 -6 0
-30 -2 15 0
-38 -39 35 0
20 -24 3 0
3 33 19 0
-19 27 3 0
6 1 -29 0
3 31 -5 0
-31 -27 -18 0
-29 -26 40 0
-1 40 27 0
-31 34 16 0
-32 -19 -13 0
-33 39 10 0
7 -1 -10 0
35 9 31 0
-17 -4 19 0
17 -30 18 0
10 12 -32 0
-25 24 4 0
-37 -19 -27 0
36 -19 -3 0
24 -36 39 0
10 7 -30 0
12 31 -5 0
31 -26 18 0
-24 14 34 0
28 -13 -38 0
35 24 -22 0
-31 17 -20 0
15 -20 -10 0
4 -19 8 0
-8 -22 26 0
2 -10 -7 0
-8 29 21 0
-36 -9 29 0
