c Random CNF formula
p cnf 30 195
30 -28 24 -10 22 0
-22 14 -1 6 -25 0
9 5 -13 8 -17 0
-8 -18 -1 -21 -16 0
7 17 22 14 -29 0
-11 16 14 18 -12 0
9 6 -14 7 4 0
25 -28 23 -17 5 0
27 -14 -29 -3 7 0
5 -12 6 -10 -11 0
-16 14 27 6 19 0
9 15 5 19 1 0
20 -19 -30 -9 -15 0
22 -13 -15 14 -17 0
-12 26 14 30 -20 0
-14 -6 -9 17 2 0
-30 29 -6 -2 11 0
-22 -18 -30 -1 -25 0
20 -10 3 -13 21 0
14 24 2 10 -23 0
25 28 30 27 12 0
-9 28 23 19 25 0
-25 28 11 23 6 0
-4 -19 -2 -29 -7 0
5 -2 -15 -28 3 0
-5 -2 11 19 10 0
27 -23 -7 3 11 0
1 28 -13 -6 -16 0
28 -30 -11 13 -6 0
22 16 -15 14 -30 0
-20 24 21 29 18 0
14 -13 -28 23 18 0
29 -4 20 -12 -27 0
-29 -2 -9 -23 21 0
-1 -26 -27 -7 12 0
-16 -4 23 -7 -24 0
-10 26 22 -24 -6 0
14 -26 -5 11 -24 0
-4 -29 -5 13 15 0
11 18 -1 30 5 0
10 15 30 9 4 0
-9 -5 16 18 -28 0
-18 -22 19 14 -10 0
-13 27 5 9 -19 0
-28 -10 7 -29 26 0
2 16 -6 10 26 0
-18 -23 -14 -11 -20 0
-20 17 27 -18 25 0
-21 -26 -2 -1 24 0
-11 20 -8 -14 -4 0
13 -18 -25 26 -24 0
26 -6 -15 23 -2 0
18 -25 -12 2 27 0
5 -10 22 24 -16 0
12 -15 -24 -1 -3 0
20 -23 -17 -6 26 0
-14 -20 15 22 24 0
25 -18 11 16 23 0
6 -30 14 -2 -21 0
7 1 11 -26 30 0
14 -12 27 -13 24 0
28 -23 -16 -2 4 0
-16 -3 18 -25 2 0
-21 11 9 6 -2 0
-29 -22 14 3 20 0
-30 -16 26 -9 -10 0
29 -27 -24 -21 16 0
5 8 27 22 9 0
28 -22 29 15 -4 0
-20 -27 2 -1 30 0
-5 -17 21 -25 -6 0
-11 27 -15 28 -4 0
-22 -18 -30 16 -21 0
17 -3 -10 13 -18 0
-19 -20 1 9 -7 0
10 -27 15 -2 -24 0
-1 -22 7 -20 23 0
-24 25 26 -29 -11 0
-26 -13 7 27 10 0
7 5 -2 9 16 0
-9 -14 -2 5 -21 0
-22 -10 18 -13 12 0
-24 -26 -3 5 -1 0
12 -14 4 -19 -7 0
-10 -18 9 28 17 0
-5 3 -21 16 -4 0
-11 16 -15 5 -3 0
19 13 -24 2 6 0
29 6 -16 -21 19 0
-26 -18 -6 -30 -5 0
-7 -1 -13 30 15 0
-1 -30 -6 28 -16 0
5 18 12 -22 -26 0
-18 12 20 24 11 0
-9 28 -1 29 -22 0
1 5 -23 17 8 0
29 -2 10 27 -22 0
9 -22 -5 26 -12 0
1 14 29 -21 25 0
-5 -18 -22 11 -8 0
18 16 -17 -6 -14 0
28 -27 19 25 2 0
15 -5 -28 -3 17 0
-5 18 10 8 14 0
-17 2 4 -3 -21 0
-7 24 11 -3 26 0
-21 22 -7 25 -26 0
18 -4 -25 5 14 0
-2 15 25 23 -28 0
1 9 20 12 10 0
-8 1 -19 7 -11 0
-30 -17 16 -8 19 0
23 22 13 -6 -24 0
22 5 25 18 19 0
24 -22 16 28 4 0
-14 -13 -22 21 11 0
29 -24 2 -11 -13 0
-7 -3 2 -6 -22 0
-4 -5 13 -17 -15 0
21 -1 13 -11 8 0
26 14 28 -21 -22 0
22 -27 13 -11 3 0
6 19 22 24 -14 0
27 -24 -2 7 9 0
-4 -3 19 25 -15 0
7 6 -22 27 13 0
2 25 -15 9 -27 0
11 -30 -22 -28 -14 0
5 -15 -17 -10 13 0
-16 -10 3 11 -4 0
-15 -14 7 -21 -8 0
-16 -9 -22 -4 -3 0
29 -7 11 1 20 0
21 -8 -23 -16 -4 0
14 -30 -23 -5 -6 0
-14 25 10 23 -26 0
-3 18 -1 17 13 0
-19 4 17 -7 -24 0
5 -17 14 6 -13 0
16 -9 -22 11 -8 0
-30 26 -6 -5 23 0
-13 -4 -17 -2 30 0
4 -3 18 20 -21 0
6 14 18 9 -24 0
15 -2 5 14 6 0
22 20 19 -7 26 0
-11 7 28 -26 5 0
15 11 23 19 -1 0
-21 -12 16 2 -27 0
-5 -22 29 -4 25 0
23 15 -12 -18 13 0
-9 24 -14 -28 13 0
4 27 14 21 -22 0
-30 -14 -1 7 -15 0
28 -21 -5 6 18 0
19 11 22 27 26 0
-28 -15 18 -14 23 0
23 -16 -5 -20 -24 0
15 -19 14 -18 -7 0
15 30 -4 6 23 0
-2 26 29 -3 -14 0
11 -27 -26 20 18 0
-9 28 24 16 -8 0
-21 -10 -8 -22 3 0
-6 -12 -25 -15 -4 0
20 -6 -14 21 -18 0
-12 -3 -7 -17 20 0
-13 -15 25 5 19 0
1 12 -8 3 -20 0
-2 -19 16 -13 28 0
-15 -12 -7 29 -26 0
-18 24 -25 -20 -8 0
23 1 -24 -26 4 0
21 30 29 -22 15 0
9 20 -22 6 -25 0
5 -30 -4 -16 -10 0
25 -10 -20 -1 3 0
-2 -27 -9 -1 -11 0
-23 -25 26 11 -21 0
-26 22 -14 29 -13 0
23 29 2 -21 -16 0
-30 -7 15 -1 -16 0
-4 28 6 24 11 0
12 -13 -2 -23 -20 0
13 25 2 -9 -5 0
-23 -30 24 -5 -22 0
1 -26 -16 6 30 0
-4 12 25 19 -18 0
-16 -20 -2 22 15 0
-29 -5 -3 18 -4 0
-11 21 10 27 -29 0
24 -2 18 23 -20 0
-20 29 18 6 -25 0
-8 3 -2 -30 -28 0
2 -19 -9 17 7 0
