c Random CNF formula
p cnf 60 345
-27 53 43 -41 4 -57 -14 -50 -55 58 0
7 1 -14 -29 -56 49 -5 -15 -13 19 0
47 7 2 -37 -11 24 -4 26 12 -17 0
41 -46 7 37 52 -45 2 26 59 17 0
-39 54 -37 60 -32 4 15 27 23 -24 0
46 26 60 -25 43 57 38 -18 7 23 0
-6 -51 58 -26 17 23 -30 7 49 -29 0
31 -15 27 51 -10 -49 1 21 44 59 0
26 4 48 -55 -9 -21 -40 -56 -20 45 0
51 10 -35 42 57 20 -41 53 -58 25 0
-54 5 1 6 14 -31 22 -8 49 -32 0
-49 -27 -51 7 41 17 23 -55 -47 -21 0
-7 -51 -37 5 -56 4 30 19 11 -24 0
-57 -22 -52 -3 -54 -23 47 -24 -48 18 0
-50 9 -47 -8 14 38 2 -19 7 -24 0
-14 39 18 52 -4 -15 -49 2 34 10 0
-50 -11 -18 -32 34 47 38 42 6 10 0
16 20 48 -43 33 6 35 -31 47 -4 0
-17 48 8 -57 25 55 -27 23 41 42 0
14 56 -13 -19 -36 -4 37 -43 -44 41 0
32 54 58 23 -43 8 -39 31 -9 22 0
-5 28 29 60 30 59 34 33 53 -45 0
-55 24 12 -52 -31 -60 1 40 17 -7 0
57 -7 26 -51 -10 59 -9 -37 -39 32 0
-49 39 -14 -28 -41 -60 -46 52 36 -55 0
-10 55 -24 2 35 -25 13 1 3 32 0
38 7 -15 17 59 20 56 23 32 58 0
26 -3 60 44 37 -46 45 42 -47 -33 0
-22 25 -10 34 17 20 46 -36 6 -38 0
-52 -48 -10 40 -7 23 -50 55 -39 -41 0
-12 29 -54 23 -59 21 13 55 -28 -24 0
-54 -35 19 25 26 38 -14 -33 59 42 0
-31 -30 45 50 36 58 54 -17 -57 -18 0
24 -3 -38 40 54 9 -50 36 -47 32 0
53 -18 2 46 12 -1 23 40 8 48 0
-21 -17 -14 -40 -36 -48 -35 -56 -8 50 0
41 -19 -30 -29 -37 -52 36 -20 43 49 0
-8 45 48 -1 26 -40 44 60 -21 22 0
-6 45 44 4 -43 -1 -30 39 -47 31 0
-33 -44 -57 -35 -37 3 36 -19 -24 -54 0
44 -45 -4 29 10 -34 2 -30 46 18 0
44 14 -5 59 -57 -33 -56 53 -43 27 0
30 52 -58 -40 -9 -1 -23 -18 -11 4 0
-17 36 -39 -47 59 16 30 -6 -32 44 0
38 11 -36 29 -24 -6 -33 -26 51 -43 0
47 -27 44 16 -45 40 -51 46 -60 -32 0
-46 -24 50 -26 27 45 -39 10 -38 -30 0
-25 15 10 -37 53 32 17 58 18 19 0
1 -2 -27 -56 4 -9 57 -21 3 25 0
-38 -4 44 -43 34 49 -58 -13 9 26 0
29 5 -6 4 20 13 37 -36 47 -31 0
-53 -54 -47 46 8 48 45 -58 -31 2 0
-48 -30 -58 33 -21 23 -56 11 35 38 0
-29 60 -39 -33 55 45 9 -35 14 -8 0
47 -15 21 -33 -11 7 -8 28 -16 -48 0
25 39 -20 24 47 -3 -4 59 36 -16 0
42 28 -25 6 5 -11 -14 57 33 22 0
-52 4 -17 -46 36 -39 58 -56 -38 -11 0
56 1 -37 -59 47 45 -41 -48 35 22 0
-1 48 7 -5 27 -56 -42 14 -13 24 0
28 -47 -5 46 20 -27 -14 -1 -43 -17 0
-51 -17 13 -29 50 -22 7 -5 -54 -6 0
16 51 28 -36 -23 44 2 -17 -30 27 0
49 5 -1 53 -35 -24 -48 52 -36 -16 0
-54 -6 59 -14 25 3 12 -26 40 49 0
6 46 29 42 -8 -12 57 -7 32 -22 0
35 -27 46 -56 -14 24 -20 38 -52 -49 0
-5 56 -18 50 -53 -8 27 -20 -19 -58 0
-4 -60 41 -2 -50 -55 -6 -59 -28 -37 0
47 13 -19 11 25 23 54 -6 32 -29 0
17 -30 -56 -23 -60 27 -18 45 12 29 0
30 21 -51 54 2 60 13 33 58 -16 0
-8 31 35 -53 -13 19 -5 -58 16 -17 0
-2 -22 -29 -38 -13 19 39 58 41 21 0
-9 -2 17 -50 -60 -11 44 14 -42 12 0
55 -31 6 53 35 9 21 41 20 44 0
13 -56 -60 -44 38 24 -32 53 17 -26 0
-16 -41 46 -21 -52 51 -8 22 14 -11 0
-19 16 5 -30 -49 25 22 38 9 -21 0
42 -36 -53 -11 -9 -17 -8 27 -54 37 0
53 60 -46 56 -18 -4 -13 -10 -52 -31 0
-56 -49 28 19 -11 -17 -14 -6 7 -4 0
-33 -56 20 23 2 -15 -24 -41 3 37 0
52 -40 -16 -10 -28 -57 -50 27 11 51 0
15 -56 57 26 20 12 37 -23 4 -59 0
15 22 21 -3 -16 -44 38 26 -27 8 0
-51 -10 -31 32 -53 -43 -36 29 13 9 0
34 -1 -48 36 -30 11 9 -16 -45 -4 0
37 52 -35 7 -29 2 -26 59 3 -25 0
54 -20 -42 7 -17 -51 57 36 -8 -48 0
-4 48 -41 57 8 60 24 51 -16 42 0
-16 21 -24 39 42 52 -48 -17 34 19 0
55 50 20 -47 28 3 60 54 34 -33 0
-4 -10 -55 -34 -7 32 -19 -25 37 36 0
-30 21 -27 -39 -13 -52 -43 9 41 20 0
14 8 -11 -39 60 44 49 -41 -12 -45 0
-6 32 -23 -20 9 31 -13 -36 -22 19 0
15 60 8 -18 -5 -27 -28 3 30 41 0
-58 16 2 34 21 -20 -44 1 -38 -6 0
-52 -11 -29 -32 43 60 39 -22 9 56 0
-41 -19 16 58 -17 42 50 4 -26 56 0
-21 42 -58 -26 -49 -19 -36 14 31 52 0
9 -32 48 -25 -16 -8 -47 -15 21 10 0
-59 -41 35 51 -48 -2 -33 42 -19 37 0
-1 -60 6 14 5 35 -27 22 -33 16 0
60 55 45 -20 12 24 30 -53 -10 39 0
59 4 39 46 -5 -36 -31 27 -58 56 0
-38 20 -56 -14 -43 52 -18 -37 31 -33 0
36 -18 1 15 -14 -58 -19 -49 -28 37 0
-21 30 44 13 54 -15 -10 -33 -23 11 0
41 49 -15 18 -48 -36 54 -29 13 -55 0
-51 -60 -56 -44 -19 25 1 2 34 13 0
17 -3 38 -22 4 -39 -21 6 -13 -44 0
52 60 -19 -32 -29 -26 -24 58 -51 -46 0
-59 3 -55 -40 -15 -49 -6 16 -52 50 0
-4 8 -39 59 -47 -30 19 -23 -20 40 0
41 51 21 18 16 48 -17 -20 26 -53 0
-60 -31 47 -33 -4 -20 -29 45 27 14 0
-35 -10 -23 -32 -55 -43 40 46 -15 -22 0
4 31 46 18 -56 -6 -37 -19 41 13 0
-3 -36 -16 -46 44 59 -8 -4 -38 -7 0
42 20 -34 37 -26 51 30 16 -57 -11 0
12 -17 23 -28 52 -42 -36 -56 22 30 0
8 -32 53 9 -16 12 -25 59 3 -49 0
40 -42 47 -26 27 13 32 -15 18 52 0
-60 5 -55 52 3 4 -54 -44 -46 -50 0
-3 52 -27 57 -51 -33 44 -7 46 15 0
45 -56 31 -20 -43 -30 -41 51 14 19 0
18 52 55 57 3 -54 -26 -4 34 9 0
-59 7 -37 26 28 -22 32 -48 -33 -2 0
9 -5 -15 59 3 -20 11 -35 -16 26 0
40 55 -33 22 45 -4 20 -60 -32 -43 0
53 20 59 -13 5 2 26 -35 -57 41 0
24 -45 6 -15 -39 55 31 -33 -27 -17 0
37 -60 59 50 43 -46 14 -18 28 -13 0
-9 18 46 52 -44 -58 51 11 -47 -45 0
-10 25 5 12 -24 -57 -53 -7 60 19 0
28 1 43 38 -54 26 -35 53 51 5 0
4 49 33 -24 -16 60 -37 -39 -40 58 0
-14 17 1 -45 3 -10 -39 -15 42 -50 0
56 5 -25 6 15 -54 33 32 -28 46 0
-23 47 -8 -10 1 27 4 -7 -30 -14 0
-21 25 -8 -11 58 -7 -43 -18 16 -1 0
44 40 10 -56 -57 -42 14 -11 -1 12 0
12 40 16 -17 46 18 -54 -25 15 32 0
-48 32 38 -5 -17 53 -27 -2 59 -60 0
23 6 -54 -50 10 38 -59 18 47 52 0
-11 -52 7 -25 -39 6 -29 -35 -42 59 0
-24 -38 21 33 -55 -17 19 34 11 56 0
-3 4 58 -22 2 12 -39 -24 -16 28 0
-13 -38 -27 14 -29 44 55 23 41 26 0
-50 19 27 -5 29 -13 15 36 -47 25 0
-21 40 -25 33 -11 37 45 -46 -27 -14 0
19 -56 -18 -26 -38 12 -29 11 54 30 0
41 -16 -1 43 57 6 -20 -14 -51 59 0
-16 25 -52 -8 -9 39 43 -7 -14 -2 0
51 -23 -28 -24 14 -35 32 36 6 55 0
34 -2 60 -44 -17 53 -41 58 -12 9 0
9 40 59 -50 -53 29 4 1 34 52 0
-57 60 43 55 -40 -34 -31 59 39 -4 0
14 -42 -13 -7 41 40 6 10 -55 19 0
19 -39 -4 -29 -7 -28 -18 -32 37 -46 0
44 48 25 -11 -5 -49 -23 -46 -7 -35 0
50 13 -41 -27 -17 8 -3 -37 22 -40 0
16 23 -42 -13 -9 56 45 -19 -10 15 0
30 12 -8 -6 -36 52 -58 4 48 11 0
55 57 -45 56 -19 -54 8 28 -51 47 0
-48 -42 -23 -34 60 -22 16 11 -36 3 0
-33 53 -14 39 -5 38 -34 -58 -20 60 0
6 -14 -52 -33 13 46 7 9 20 45 0
-21 7 -54 -36 57 -48 -23 35 -14 -53 0
-54 -5 42 38 -6 31 -12 13 27 -50 0
14 -25 46 -33 17 18 44 -59 29 10 0
39 36 54 35 4 49 -12 -48 -50 18 0
37 -8 -15 -20 -48 -11 -2 3 33 57 0
57 -41 39 -3 35 -5 -29 -23 19 12 0
-57 54 46 -25 -36 -44 5 -16 -19 -9 0
14 -51 -19 -54 34 -58 16 -46 -5 -9 0
43 -39 -5 45 -9 -13 6 -35 -40 27 0
32 -17 -12 -28 -52 58 -29 42 -47 -19 0
-19 13 -7 53 -46 9 -15 -59 41 -49 0
-57 13 11 -36 35 -14 -26 15 60 -12 0
-41 21 -12 -11 -35 25 -38 13 -37 1 0
49 44 14 -48 -17 -39 -19 -27 -20 13 0
4 45 29 18 33 -44 35 13 50 46 0
52 59 31 46 -48 19 27 39 33 56 0
-50 5 -41 34 -28 -18 48 -60 -25 8 0
15 33 5 4 -46 45 11 -7 24 14 0
-14 -23 -21 30 35 -31 -57 11 -2 -56 0
29 -45 58 15 -56 -46 -31 -50 37 -26 0
-34 -50 48 17 38 -24 -49 3 -43 -36 0
24 29 -59 36 -5 40 -46 -27 48 26 0
-49 18 -9 -54 19 43 -40 48 30 -16 0
7 11 -33 -46 13 -60 -10 -48 -23 8 0
-19 35 -44 -58 -50 3 36 9 -27 -53 0
-50 -1 51 -55 41 13 46 -26 24 9 0
60 -40 39 20 -53 44 15 24 -55 28 0
39 -24 48 -7 21 -8 -14 34 -13 -5 0
-2 -8 -39 -50 21 32 -16 -51 45 -48 0
32 3 52 -27 -38 -6 -39 -49 5 -55 0
11 52 -58 -48 7 -1 -22 -3 -53 12 0
-20 -29 1 -2 -41 -48 53 8 -57 -9 0
57 41 30 -7 -5 -11 -52 -37 -55 -8 0
37 -43 30 -28 35 54 32 -48 -19 7 0
-44 17 31 -34 20 -30 5 54 6 -46 0
32 20 -16 58 -6 53 44 47 -10 -5 0
35 58 -34 48 15 -28 -8 -50 -30 41 0
-7 -19 -2 41 -28 6 -55 12 34 31 0
20 -42 -19 32 29 51 -18 9 31 1 0
26 -54 18 53 -43 20 38 2 -25 51 0
-27 -25 -22 6 -33 10 14 35 18 32 0
20 12 -11 -29 -5 8 9 37 -26 -46 0
-37 18 -54 -15 -14 45 -35 -44 -38 57 0
-33 28 41 43 -23 -8 6 -25 -3 -40 0
-36 -17 57 55 -54 -40 -14 -33 -28 -29 0
-40 51 -16 -20 -43 10 -46 2 -21 -50 0
-21 -6 -24 -36 48 1 -43 11 2 -27 0
14 -29 49 46 60 28 -58 13 -31 -27 0
-41 -54 -25 -26 -37 43 -39 51 -42 16 0
-51 -8 35 -37 -29 -5 23 13 6 58 0
-29 54 6 -49 -31 4 18 -3 -2 -14 0
-33 29 23 -3 -43 36 28 -8 -12 -9 0
32 -51 -17 -37 -54 -18 23 56 -19 -29 0
-56 50 -22 -8 -43 -5 -15 -33 -20 48 0
45 -39 43 56 -2 -57 -49 41 -37 -48 0
37 57 -29 -7 32 -36 16 50 45 13 0
59 32 54 -18 57 -16 17 -41 53 -33 0
-5 12 8 -13 51 -48 -6 32 11 25 0
58 -34 -27 -5 -31 41 -33 17 -13 -50 0
38 -34 -33 -49 60 57 -59 -8 -36 6 0
-39 56 -35 5 -22 -24 -6 -58 -51 17 0
-21 4 -59 -40 -11 24 46 23 55 5 0
44 34 19 -35 60 53 55 10 7 52 0
-38 40 6 -59 20 -39 36 -44 -56 24 0
-59 -13 54 40 -50 -17 39 47 51 -48 0
-46 -31 -26 -54 -43 -8 10 2 -15 -45 0
39 -45 27 -59 -29 51 -56 28 -4 11 0
-29 -59 44 -55 -15 13 53 27 33 -7 0
-9 -13 -26 42 59 -45 15 24 -51 40 0
38 -36 -28 -31 59 -3 -47 22 -29 -58 0
36 4 -34 25 30 40 52 -45 26 32 0
-46 -11 48 -42 -32 -40 -37 -9 36 47 0
-45 -53 46 8 43 -40 -27 59 -20 -11 0
49 27 43 38 -9 -48 31 -19 -34 -57 0
-12 45 -20 -9 56 31 -48 -27 24 49 0
-15 -55 -10 -16 -22 40 37 -42 -50 60 0
-42 -9 -13 32 -11 -30 10 -45 -23 51 0
37 43 59 -1 -33 19 8 21 -57 7 0
11 28 38 -35 -32 44 27 -10 46 -21 0
-10 -3 36 -37 29 -21 -12 28 53 -51 0
-39 41 14 45 1 -9 -57 56 -48 24 0
-47 24 29 -20 -30 41 -12 -10 -45 33 0
34 12 25 54 -32 -24 -6 -44 20 -28 0
14 45 -51 -10 16 -47 54 46 -44 39 0
-38 -37 -59 31 -41 -33 53 -13 40 -57 0
40 -26 -29 56 10 16 59 31 22 -34 0
46 -24 -14 47 45 33 -30 26 -16 9 0
60 33 28 -25 47 -40 -3 -10 48 -6 0
32 -33 -23 -10 -40 -57 -16 35 -44 15 0
-18 -15 -5 -40 9 36 39 31 52 -21 0
-5 21 -38 -59 -7 -49 -50 23 39 -30 0
58 -34 55 -30 -24 13 -60 -14 -28 47 0
9 -35 -23 17 6 10 -45 12 11 -46 0
32 -22 13 -51 -30 60 -29 -15 44 -4 0
-60 36 35 -16 40 -54 3 19 2 17 0
20 50 -49 30 32 13 -21 -19 -4 29 0
-29 -43 12 -48 45 -35 37 11 18 60 0
31 22 10 2 54 11 -42 -21 -15 -28 0
1 -18 60 -57 -36 -20 42 -55 -45 49 0
51 -25 5 60 42 57 -23 36 4 49 0
-39 -1 41 -17 21 -10 7 49 51 -16 0
52 -60 21 22 56 -27 1 -43 4 46 0
58 40 12 2 49 26 -16 -31 -28 34 0
32 -30 -28 41 -5 52 54 -48 -47 21 0
-51 -31 -46 47 56 33 -10 -1 38 -58 0
60 -41 51 12 3 -17 -40 -55 -32 -9 0
41 43 -55 38 9 18 -45 -30 -57 23 0
16 -21 53 -23 4 -11 60 -37 -18 5 0
-35 44 4 38 -5 -2 14 22 -45 -48 0
25 -60 -11 1 35 -55 -42 -2 -24 -34 0
-14 46 26 6 -29 37 17 21 -32 58 0
-32 2 30 -31 -42 22 -1 58 12 21 0
30 42 47 -34 -33 28 20 39 -37 -43 0
9 -12 18 -24 -56 -59 57 29 54 60 0
19 -4 8 -17 -20 -5 -18 60 6 12 0
-11 57 51 47 30 -6 -7 56 14 -55 0
44 -55 -59 -2 20 10 58 11 38 -48 0
51 55 35 -49 47 54 6 60 10 58 0
51 59 -41 5 -49 -26 14 48 -31 -32 0
-2 38 28 9 34 50 12 -30 21 18 0
54 -19 44 -16 -33 34 43 25 -14 51 0
-32 23 38 -40 -47 37 -33 -15 -20 58 0
42 -55 -37 -48 3 60 25 23 51 -29 0
-41 -12 -25 -18 32 -48 -22 7 15 -39 0
-37 58 -6 -9 -36 8 -28 -32 51 24 0
-40 14 -54 -10 38 34 -3 59 -1 56 0
22 13 -51 20 40 7 -14 12 -23 -35 0
-29 59 -44 19 -49 -12 24 32 -56 -11 0
-36 12 -44 30 21 24 -29 45 43 -11 0
44 5 -29 51 21 27 9 2 39 -24 0
-12 22 -40 -8 -17 -36 58 -15 -25 -19 0
24 40 36 49 16 54 -57 59 20 5 0
4 -12 -52 -19 48 51 -26 53 -21 33 0
51 30 -9 -41 -28 -54 -4 -33 -34 -8 0
49 15 55 -12 39 1 29 59 -26 -28 0
11 -40 -25 -24 -14 29 45 10 28 -3 0
-25 -39 28 19 -23 -57 -40 -17 59 -14 0
26 43 8 45 -10 48 20 -49 -23 -40 0
-25 -10 -5 -60 -24 51 8 -40 56 -52 0
-55 44 34 18 -41 -53 -49 25 -58 59 0
-29 44 47 -8 -23 10 40 -26 15 -60 0
20 32 -18 -38 4 -1 -54 57 52 -51 0
43 -28 15 -4 -48 17 46 12 34 -23 0
24 12 -47 38 -1 30 13 -55 4 -16 0
12 60 -4 26 21 43 15 58 -37 34 0
19 -47 -14 -54 16 -32 -21 50 24 -41 0
-17 -58 15 36 -26 -3 -8 -49 -22 -21 0
24 -49 -33 -55 2 9 -31 -19 -23 -43 0
9 -50 51 6 -23 -41 22 -5 -13 40 0
53 6 -27 35 10 29 -44 47 -40 18 0
-17 48 -11 27 14 -15 -54 28 -30 -31 0
47 1 -28 -2 -5 -18 39 -52 -30 -54 0
-47 29 -41 42 54 5 35 23 56 -19 0
40 36 -42 -21 -19 -37 -55 -12 50 41 0
-50 -55 -44 1 -53 21 -14 -19 -28 24 0
42 -50 30 60 -54 32 27 -15 38 48 0
23 -4 -25 -33 -6 31 41 14 -16 -17 0
39 40 37 8 21 47 49 -48 52 26 0
-42 -49 -5 6 28 55 26 46 51 2 0
-10 5 -14 44 8 -48 20 30 35 54 0
-4 -13 21 57 -3 22 -43 27 -18 9 0
-29 11 -25 -12 -5 58 52 28 42 30 0
10 -59 29 23 60 24 51 -1 39 -38 0
45 50 37 2 -3 -20 41 22 18 -11 0
-40 -19 52 -38 -41 -10 5 42 3 -14 0
17 -14 52 -46 48 -26 -18 37 4 -13 0
41 -35 34 -49 26 -2 46 1 31 54 0
-19 -41 51 39 58 40 -3 36 -32 -12 0
7 2 41 39 10 -60 -24 -52 -18 -57 0
18 14 -19 -50 -17 -22 12 24 9 -51 0
-50 1 -49 5 40 24 37 -7 51 -38 0
29 16 26 55 49 -59 -30 57 33 -48 0
-47 -21 50 58 -35 -4 39 -37 -1 -60 0
-37 -38 11 -14 -57 1 -39 -30 -12 -27 0
54 55 -24 -44 3 17 53 31 -41 -51 0
