c Random CNF formula
p cnf 40 110
35 -12 -40 7 6 -26 30 2 23 -20 0
-18 7 -23 -25 -31 -17 40 -30 5 36 0
-33 19 32 36 9 -22 3 -39 18 16 0
15 17 -1 -25 7 -28 -21 23 9 20 0
-26 -27 7 3 17 -10 -36 13 -33 34 0
17 -31 13 -6 18 -14 12 39 -15 9 0
-36 -6 -30 -33 7 8 21 38 27 5 0
35 28 -14 11 12 -22 -23 10 -40 36 0
6 31 -23 14 18 -10 29 -8 9 -38 0
9 -23 -3 -25 35 14 -5 -30 4 20 0
-20 3 -33 14 -18 6 -17 40 -7 26 0
-36 -8 -28 -11 -10 25 -34 4 2 -30 0
29 37 -11 39 2 40 13 -31 -3 12 0
-22 6 39 -25 16 -15 10 -4 -9 28 0
-17 -7 20 -4 -14 -18 -33 -13 -16 -32 0
17 -25 -35 -21 9 8 19 -10 -26 31 0
-17 -28 27 -1 -39 37 2 26 29 -30 0
-14 -15 37 27 -7 -35 1 -4 25 34 0
-6 -39 -31 16 17 -3 -36 14 -26 35 0
-27 17 37 24 22 -31 -26 5 15 -34 0
-34 -14 -13 18 -12 -19 -40 16 -25 15 0
-11 12 -8 25 -20 -9 31 15 -19 2 0
4 11 -34 -12 23 17 18 -24 -37 27 0
34 20 5 35 -16 -27 -25 -6 18 -24 0
32 25 -5 -34 8 14 31 22 -18 -6 0
-17 21 26 36 -29 23 -11 34 31 -8 0
10 22 -31 35 -29 18 9 -16 -26 30 0
-2 -37 35 32 26 39 -38 25 -7 -36 0
-17 23 -38 7 -31 29 21 -32 16 30 0
35 -40 -34 -30 -1 -9 25 8 -28 -2 0
-25 17 -28 -24 12 -4 -18 -35 -40 5 0
-28 33 2 40 -5 1 -17 -24 39 -14 0
15 -5 -29 -33 -28 10 12 -19 -32 4 0
-29 1 2 -34 -28 12 24 -23 13 40 0
40 -9 -15 16 35 18 -30 12 -34 -33 0
-7 -19 -35 8 13 1 -28 -26 -31 5 0
12 31 10 -7 -17 -33 26 -15 40 -30 0
-8 20 -5 6 -23 32 22 -13 -3 19 0
9 3 -27 11 -1 20 -6 -30 35 -7 0
38 -5 40 36 34 -30 -17 -8 -35 -18 0
2 -7 20 -33 4 27 -31 -17 23 25 0
39 -30 -21 -8 27 -36 -33 2 13 -15 0
38 -25 8 27 30 19 -40 31 -11 4 0
-2 22 -30 5 -13 31 24 -19 6 23 0
21 39 35 -37 13 -26 -7 -34 16 -6 0
-35 -10 17 -33 13 28 -4 -22 38 -7 0
-2 -21 23 -26 -40 -39 17 29 6 -25 0
-22 14 15 -40 -35 10 -3 -31 39 4 0
8 -32 4 21 -18 -9 36 -17 26 33 0
6 29 14 -17 20 -38 -5 -30 22 27 0
-13 19 -2 22 -16 8 27 -39 5 -25 0
-28 35 -16 17 -14 -6 -31 -22 7 8 0
28 9 21 -16 -26 -13 34 25 10 7 0
-16 -5 -10 -4 -9 12 -18 29 -34 -7 0
-25 -4 -27 29 -30 -1 -33 19 3 12 0
-38 -34 25 30 20 -37 -24 -35 4 -17 0
13 34 16 -20 -6 -14 28 -32 -39 1 0
10 -14 -28 20 36 4 -40 -22 38 6 0
39 22 -36 24 -5 29 -19 -7 -12 21 0
4 -38 32 19 24 -15 23 -7 -14 -1 0
6 16 -33 13 2 35 -29 19 -21 27 0
-36 16 -10 -11 14 28 -13 -35 -18 38 0
-29 -3 -8 18 17 2 -21 10 -4 36 0
23 35 -14 -21 -37 30 -7 34 -1 32 0
40 -37 -5 20 -6 15 -2 10 26 25 0
-15 12 31 38 -1 -23 17 3 10 33 0
-4 -1 32 -29 -12 -19 20 -7 38 -40 0
13 31 -38 -24 27 -17 -6 -34 2 -22 0
40 -30 -29 12 -3 21 -17 24 -28 -33 0
1 -4 -25 29 -9 -38 14 3 -40 -39 0
1 -12 -22 38 9 36 -3 -19 -17 -37 0
-2 -10 11 -36 -14 40 13 3 -39 -38 0
40 -38 -34 23 -20 28 -22 -2 -12 -30 0
10 3 -25 4 -6 -40 -35 39 -33 22 0
-1 35 -6 -38 -3 36 -30 16 -37 -8 0
5 -19 4 -1 15 11 8 -26 -36 27 0
23 -5 22 -31 -6 28 20 -1 -37 -34 0
-31 33 -35 -1 14 36 -24 9 39 7 0
-23 -6 12 -38 10 24 -4 7 -35 -8 0
-22 12 -38 -21 -11 34 -15 29 -28 16 0
-6 31 -10 22 -38 -19 17 16 -25 -23 0
-2 17 7 24 -36 3 -10 -23 -14 11 0
-26 9 39 -11 -31 -18 35 -37 27 36 0
22 28 9 -18 -20 -34 29 -36 37 23 0
-35 15 31 -24 29 8 7 -34 12 30 0
-13 21 3 -38 -8 18 -24 -37 29 26 0
24 13 -9 -14 5 17 -6 -28 -16 -11 0
-23 -19 -9 13 3 39 -17 -38 4 -28 0
37 -21 -24 26 6 -11 2 -8 32 13 0
38 -27 -3 23 -40 16 20 7 1 -30 0
-23 15 31 12 -5 1 -35 -21 19 -33 0
-32 16 -9 1 -22 -37 29 40 7 4 0
30 39 -21 35 -15 26 18 2 37 12 0
-18 39 2 31 -15 25 17 24 19 21 0
-15 18 -8 -32 -16 13 11 5 33 31 0
-31 -14 -24 -17 -32 -5 25 -35 21 -37 0
20 2 17 -28 10 -9 1 -23 -13 -36 0
-25 -30 -9 -32 7 24 -36 -23 28 -4 0
10 12 38 6 -17 27 40 13 -5 -34 0
-12 -38 -40 -2 -23 21 30 29 -22 19 0
33 22 1 -27 -24 -25 31 11 28 36 0
16 11 7 8 -6 -5 -30 27 -20 4 0
-4 39 -14 19 7 18 25 -22 -5 -8 0
17 -37 -24 -30 38 -27 36 11 -29 35 0
28 -35 4 22 24 7 -13 8 -6 10 0
-30 -27 -29 13 16 -11 -4 -18 -5 -14 0
-10 22 -38 -34 15 16 -9 40 30 25 0
4 -39 9 14 11 15 5 31 -6 12 0
22 21 -39 -15 -11 -4 23 14 -1 -10 0
-1 37 -6 23 8 -2 -16 -40 20 26 0
