c Random CNF formula
p cnf 40 270
-17 36 35 -34 -20 -12 32 25 8 -2 0
-38 -39 37 8 -34 -32 15 4 -1 -24 0
1 19 -30 -7 -4 -26 -9 -36 -20 38 0
30 1 -20 -19 22 28 18 15 -27 -24 0
16 -24 34 -26 22 -12 -30 -5 11 28 0
12 -21 -23 -27 -32 -24 -40 -34 38 15 0
-24 -17 -37 14 13 3 -21 6 34 22 0
-7 -35 -6 -21 37 29 2 22 3 28 0
6 31 -35 39 16 -2 26 -34 22 1 0
2 31 -9 -29 -15 3 -1 -28 21 23 0
21 -2 31 -39 35 -30 -1 -23 29 -6 0
39 17 15 -40 -6 -26 -28 -24 14 -32 0
-6 -26 35 21 15 -33 40 4 3 32 0
-12 -21 -36 13 -39 26 33 -24 -10 17 0
-13 28 38 36 1 31 -2 25 40 9 0
19 -6 5 -21 20 -28 10 32 29 36 0
11 35 -14 -31 22 -19 -34 30 -29 10 0
4 9 37 29 -26 -38 -14 15 -23 40 0
35 -33 -24 11 -28 -8 -5 34 -40 -32 0
4 -19 26 -1 -12 -20 13 -10 -31 34 0
31 30 -19 6 4 12 17 22 -28 18 0
-13 -16 -37 -26 25 34 -3 29 -14 15 0
31 -40 14 19 36 -23 -2 -7 -32 4 0
-21 -28 -9 -31 -39 -29 8 1 -10 -11 0
-21 10 -32 27 -36 39 9 38 11 -23 0
4 16 -31 -9 11 32 -8 36 12 1 0
-1 15 25 24 -17 -21 14 26 30 -5 0
-32 -17 27 -14 -2 -4 10 15 -16 -5 0
26 35 -11 21 -9 -8 -17 -15 28 36 0
-24 25 -36 -5 30 12 -13 15 3 -4 0
32 36 -4 -5 -18 -21 7 -26 17 -38 0
-17 3 -19 26 14 -2 5 -37 -35 -21 0
-37 -8 6 -39 20 12 24 -36 27 30 0
-11 -9 19 36 1 -8 -21 24 34 12 0
-35 29 -4 -33 37 -39 18 40 16 -8 0
-21 -13 32 18 15 -38 -11 -1 -23 33 0
36 -5 -28 -31 -15 30 -37 -9 -2 21 0
27 15 14 -4 -3 1 26 -18 8 11 0
24 29 22 15 12 -17 16 9 -2 -21 0
-12 -10 -9 -27 -36 -18 22 4 -32 13 0
-10 -6 9 36 8 -34 40 -3 -15 -23 0
26 34 32 -12 29 -27 -10 -8 -4 17 0
14 -21 -19 20 -38 24 -8 -13 -36 17 0
-30 -39 -13 -14 33 17 34 15 -36 31 0
-11 38 30 20 -28 35 22 19 -6 -32 0
4 -32 -29 26 -40 -39 -12 20 -27 -38 0
27 25 8 -4 19 17 13 -23 -28 29 0
-17 7 20 -18 -1 -10 15 -27 -13 35 0
-7 9 28 -5 -30 -21 -3 35 14 26 0
8 16 -38 -20 7 -14 -22 30 4 1 0
-14 30 -20 11 -33 -8 -15 -36 39 37 0
-5 -35 -9 38 -36 -4 -28 -16 39 -24 0
-10 -33 3 -19 8 16 7 -38 -32 39 0
30 -15 -19 6 -35 -9 13 -27 34 31 0
-35 -1 -16 -20 -13 -24 10 -28 4 32 0
11 10 27 22 -38 -25 -18 -35 -3 29 0
29 25 -38 24 -2 -33 -15 -34 16 -1 0
-3 -36 -29 4 21 -20 37 -40 -11 -33 0
-34 39 26 -19 11 -31 25 16 3 33 0
37 36 -9 -24 1 -31 -35 34 -12 20 0
18 -40 11 33 -5 -36 -16 -32 14 -2 0
23 16 -14 2 -28 13 -18 36 33 -17 0
-29 -3 6 10 14 30 34 19 -4 -38 0
-30 37 -28 -12 24 -36 15 -22 -27 5 0
26 -19 36 16 34 -29 -10 -2 -31 -39 0
-16 14 35 21 -25 38 3 -24 -34 -4 0
-17 -21 6 32 -33 25 -20 13 -37 5 0
18 9 2 -22 -27 4 -29 -1 -6 -32 0
29 -36 -27 -12 16 40 -11 39 -21 26 0
-15 16 29 -7 -11 -37 -18 -10 36 28 0
5 18 -11 -8 6 30 20 39 28 13 0
-4 21 -15 35 -8 5 -3 -37 -28 -29 0
35 18 10 15 3 -17 -31 -22 -12 -25 0
-29 -17 28 4 -35 9 -1 -38 37 14 0
26 -21 1 -37 5 13 -19 38 17 35 0
33 -38 10 4 9 -39 24 29 -32 -6 0
40 -23 -21 32 -3 2 4 -15 24 -34 0
-31 27 4 18 39 26 10 8 1 22 0
37 -31 -5 26 33 -38 -7 -27 -15 -30 0
40 17 -20 -18 -13 -36 -26 -22 -25 -39 0
-28 21 40 34 -12 -23 1 -22 -7 25 0
-23 -9 34 -33 8 26 18 40 12 -14 0
-31 7 15 21 -29 4 -37 -12 10 -14 0
-38 -29 15 22 27 40 -13 -16 12 1 0
37 -23 -11 -8 -24 -3 -5 1 -22 14 0
-7 3 -20 16 12 -33 18 -38 -11 -10 0
-14 -1 16 25 24 -9 35 36 18 -7 0
39 11 22 16 2 27 15 3 1 -29 0
-9 -30 19 34 10 -13 -33 -5 -24 -6 0
-11 -34 -27 38 -10 -19 -15 -9 26 37 0
40 -11 35 5 16 -29 -19 -3 21 -9 0
29 13 15 3 -33 -1 40 2 -25 7 0
-28 2 15 -18 -14 32 9 22 -16 10 0
-33 31 18 -5 -9 -29 -39 -36 -17 -12 0
-13 5 -32 -18 -7 25 -14 33 -29 -30 0
18 -24 20 1 -27 -2 9 35 22 15 0
-28 18 -21 -26 32 15 35 6 8 -31 0
17 1 10 27 9 2 8 -19 -25 -7 0
40 -32 29 9 35 15 -3 17 11 -18 0
10 -27 35 -34 37 -16 2 -21 23 -8 0
16 8 -12 -20 -19 -4 -2 28 29 -25 0
16 37 40 15 -2 -19 -31 -36 18 -1 0
-5 16 34 -18 -22 -36 -32 -31 10 -40 0
-26 -4 -25 -33 -18 36 31 40 5 27 0
-11 5 10 -25 -27 -37 9 24 -38 8 0
14 -32 10 -5 -31 7 22 13 -37 30 0
-28 2 -36 22 -25 -39 -10 -1 -30 16 0
-22 2 31 4 14 12 -24 19 34 20 0
-22 5 38 -2 28 -8 -24 32 -12 -30 0
4 18 11 7 31 33 -5 -9 19 40 0
-2 -36 -20 10 27 25 4 -6 -8 28 0
-22 -40 8 6 -7 -19 9 -38 1 -25 0
13 38 -21 28 -29 -15 -1 -24 18 -40 0
31 27 -2 18 -5 -32 36 -8 26 -4 0
-28 -14 32 -33 25 17 34 15 -6 -5 0
1 27 -33 11 40 6 -39 17 14 -30 0
-30 -20 11 -15 9 32 -29 -14 39 10 0
-11 -6 28 34 -29 -18 -25 1 22 -39 0
22 15 19 34 -4 -27 33 18 36 -25 0
-31 -25 35 29 33 -38 20 26 30 12 0
-13 5 -36 -26 8 -37 -4 -3 -12 -10 0
-13 6 -17 15 4 -35 27 24 38 -37 0
-22 -35 28 -30 -27 -15 19 -23 -10 26 0
-22 1 -21 -23 -24 -36 -10 -7 8 29 0
-27 12 18 -3 -30 15 1 37 29 8 0
-23 -16 -29 -28 -31 -34 -39 -19 -14 -3 0
-37 7 24 17 -8 16 12 4 -1 -2 0
-22 -15 14 25 -5 1 -12 3 28 -18 0
-29 28 -12 32 -5 -23 -39 27 -31 38 0
5 35 1 -25 11 12 -26 -9 38 -15 0
-17 31 -11 -39 -20 19 -14 -34 -30 35 0
28 20 -4 24 -5 -35 -38 14 -23 -21 0
8 20 -32 12 23 35 21 11 13 2 0
-29 -21 39 -32 3 12 17 20 28 8 0
-8 34 -24 11 4 6 22 15 26 33 0
-14 -15 -33 27 32 -40 -29 34 35 -1 0
10 -29 4 -33 1 11 16 -34 -26 -25 0
16 -11 35 20 27 -17 -24 -30 -13 -34 0
-37 34 -29 36 11 31 15 27 -16 21 0
-35 4 -30 -25 15 34 22 5 -31 20 0
-3 33 -21 23 -2 -9 -31 29 17 16 0
12 -26 30 17 27 -7 -15 -29 -4 -6 0
-35 38 23 -27 -20 4 -26 36 34 -1 0
-12 30 22 25 26 13 -38 17 9 27 0
20 -40 -32 -33 -2 -8 5 36 29 -30 0
8 24 -37 -11 -20 31 25 -12 -15 -2 0
33 14 35 -26 -22 37 -38 -6 36 -19 0
24 31 -23 -29 -25 -4 -9 -21 33 12 0
-10 -32 14 38 13 4 -2 7 3 -24 0
33 19 24 29 21 -5 -23 3 -31 -13 0
30 4 -34 11 33 14 -29 -5 -8 -17 0
27 7 -19 39 30 10 -40 3 34 -28 0
-25 1 -33 16 19 -39 2 -28 -8 35 0
24 -35 1 31 -6 -27 19 -37 -9 -3 0
37 -25 10 -15 -11 -31 12 -27 -13 -14 0
29 -8 -36 26 -25 -3 -20 -6 -28 33 0
20 -31 -16 -38 30 -8 -32 29 24 39 0
-29 -40 -33 17 -13 39 -12 -10 19 -9 0
2 40 25 -35 -36 15 -32 -17 37 28 0
-9 -19 32 -1 -16 10 -37 39 -40 11 0
16 -37 28 25 27 -32 -21 -39 -19 8 0
15 -24 -28 22 -5 -12 -27 18 2 -23 0
-29 -7 22 -23 11 37 -32 13 31 -26 0
34 -8 6 -12 25 -16 33 37 -22 -3 0
3 33 35 26 22 30 19 -18 37 -39 0
-4 -27 35 2 17 18 -16 -14 12 5 0
29 -35 -23 -6 12 -30 1 24 11 -16 0
19 25 27 -28 -3 22 2 39 31 15 0
23 12 -8 -36 1 16 -27 -30 40 20 0
-6 -17 37 -19 -10 -21 24 -27 15 4 0
-8 24 17 9 -18 -11 -29 25 -27 31 0
29 36 -27 37 21 13 -40 -25 15 -2 0
22 -35 -4 3 -2 -23 30 -38 24 -19 0
-29 -14 -30 6 -31 -4 -26 10 -12 -27 0
-6 -9 -5 -34 31 8 32 21 -26 12 0
-12 -32 -10 36 11 8 28 -9 -33 21 0
-33 22 -23 -5 25 -7 2 3 -32 36 0
-17 20 -10 -4 -12 22 40 32 16 -27 0
26 22 10 -31 -7 -9 27 39 25 -14 0
-34 33 36 -18 20 -6 -4 -35 30 -1 0
-24 -38 3 39 17 7 37 -31 40 2 0
12 40 21 8 3 -27 33 -32 5 7 0
-23 31 35 -26 40 -13 28 -27 39 -3 0
9 -22 7 -6 30 13 38 27 36 -33 0
22 -32 30 2 31 -36 34 -16 7 25 0
3 25 -32 -7 -37 -18 -21 28 -4 -19 0
38 -3 17 -9 19 -40 31 30 -21 -33 0
-29 -28 -40 -11 -12 39 21 -7 -23 9 0
3 -1 -15 18 -26 -19 33 -25 6 -32 0
-20 -22 8 34 32 -15 18 -10 27 40 0
6 24 23 -17 -35 -29 -28 -12 21 15 0
24 25 -39 -30 -28 19 -38 20 -40 -36 0
9 33 14 19 27 -21 -8 -37 29 36 0
-11 36 7 -32 28 6 -19 21 -37 13 0
32 -9 -10 11 -16 -40 19 -7 37 14 0
-6 -30 -23 1 -24 -40 34 -29 19 32 0
-5 11 38 -8 -31 34 -20 25 23 -14 0
-37 -29 -8 12 -7 24 -6 -2 1 16 0
-15 21 -20 27 18 22 -33 -23 32 -31 0
-17 -14 35 12 4 -9 40 -21 8 24 0
35 21 -2 -19 7 -12 29 -18 28 -4 0
-38 -37 29 25 -26 17 -32 -34 -28 -21 0
-35 -29 15 30 -20 -2 -21 17 22 4 0
40 -5 34 19 -21 -26 14 15 -13 11 0
-39 -33 -16 26 37 2 27 -20 -10 -31 0
24 -3 -25 20 16 4 -21 39 22 9 0
-21 5 -31 -14 29 -7 -6 36 -38 26 0
-18 -30 -31 -24 37 36 -13 39 35 25 0
12 -5 14 22 1 -19 -38 35 23 -30 0
13 19 -8 4 -34 -12 -27 -17 -20 15 0
7 22 13 19 -38 -35 36 17 32 -33 0
25 5 27 -32 31 -36 -21 -10 -22 12 0
2 -13 -31 21 -24 4 1 12 -36 -37 0
25 4 -30 -2 -35 -27 -8 23 -13 10 0
23 9 -15 5 38 16 -10 34 28 -13 0
22 -27 24 -28 14 1 -40 16 -9 -21 0
4 -38 10 33 -39 31 -25 32 -9 13 0
-31 24 -14 10 -9 -37 -8 25 -36 -33 0
-9 1 -21 -38 6 3 17 -26 35 -27 0
-13 -9 14 29 16 10 -1 -11 15 25 0
-3 8 -19 14 11 40 29 16 35 -26 0
-31 37 -28 -22 -9 -10 -11 35 7 8 0
-10 1 28 39 23 -34 31 6 -26 20 0
-4 -3 22 -37 29 17 -15 18 -13 -31 0
-4 8 -2 -6 28 -9 36 -29 -35 -33 0
25 35 8 40 -2 -26 30 -20 -6 -16 0
20 39 8 29 -12 -16 6 36 -37 -13 0
-5 -12 6 15 -16 23 -30 18 -21 8 0
-12 25 -33 39 37 26 18 -2 -21 -7 0
8 -3 33 13 26 -22 38 29 -32 -40 0
-22 -15 -26 6 -21 -33 -40 -30 18 20 0
33 -7 -1 38 -3 35 -39 27 18 6 0
-14 -2 -32 -3 34 -18 -15 -12 -27 -6 0
-34 -26 2 14 39 11 25 13 -27 -20 0
23 -31 -4 26 -3 -17 -7 38 24 -10 0
37 2 3 19 29 -35 -7 -4 10 -32 0
14 -32 -13 4 28 -23 9 10 -5 34 0
6 -21 39 33 -20 -40 28 8 17 -22 0
-16 -33 21 29 -13 11 38 -2 -3 37 0
-28 -10 30 36 -33 -2 13 11 -3 -9 0
-38 -1 10 -40 -15 6 -22 -12 17 39 0
33 36 -7 -20 -13 15 -29 -3 -26 -2 0
-33 6 21 -7 27 -3 -11 20 -35 4 0
10 15 -33 14 -2 36 4 31 17 -27 0
32 23 7 -24 -10 5 3 -2 -31 -1 0
-30 23 -18 9 34 -17 -8 -12 -15 -28 0
39 19 -26 21 1 12 14 28 38 -32 0
-36 28 -23 31 -39 -10 -7 16 34 27 0
-26 40 -37 -8 -20 6 3 -1 -12 -2 0
-20 -30 9 12 18 -37 14 -15 -22 7 0
12 17 -14 5 -36 19 7 34 32 29 0
-15 38 21 30 28 -24 5 26 7 -40 0
-5 -21 -3 13 -35 30 18 32 4 15 0
38 -35 10 -24 29 40 1 -39 8 -2 0
29 -14 -27 3 23 24 2 -16 -15 -32 0
35 -33 25 15 -7 29 -6 21 -22 9 0
-11 13 -37 -8 -7 -35 -26 39 24 -28 0
5 40 -37 13 -32 -26 -23 -35 -16 6 0
-12 9 -13 25 -7 19 39 -32 -38 31 0
5 37 -1 -22 -36 -23 -7 4 38 -26 0
9 -28 -10 -39 -30 -34 -7 6 33 11 0
18 -2 -25 31 37 1 6 40 -14 39 0
4 -14 -3 12 23 -17 -1 -30 -10 11 0
14 23 -17 11 29 28 9 -30 25 -18 0
-5 -8 9 -17 31 24 -39 -15 -19 -36 0
8 23 -5 7 -20 -3 34 24 13 -4 0
-29 19 -13 -17 -38 -4 -1 -34 35 18 0
-37 22 4 -21 34 14 27 11 3 39 0
40 12 9 -15 20 -8 3 7 -29 22 0
3 -26 -16 24 36 -2 4 -37 -38 -18 0
