c Random CNF formula
p cnf 30 165
18 -23 -7 -30 -4 -27 25 -11 0
-11 -6 -5 -28 9 -16 19 -4 0
-28 -1 -13 -11 -24 -18 2 -17 0
13 12 -7 -11 -27 -30 24 -17 0
-10 30 11 -15 -28 -7 4 -5 0
10 -30 -19 29 26 -28 -13 6 0
-7 23 -25 -29 -27 -22 15 16 0
15 17 6 10 -11 3 21 -27 0
-1 17 -30 -19 21 -6 12 11 0
-28 22 13 11 30 19 2 -24 0
-27 19 -24 16 29 5 18 30 0
29 -28 -17 -4 3 -19 27 -2 0
5 25 -8 6 2 13 23 -14 0
1 -19 -16 -8 11 29 -18 -10 0
28 -6 -15 18 -29 -10 -26 8 0
-4 19 -8 3 18 9 12 15 0
-28 18 -7 -22 -16 -4 24 23 0
-25 17 22 -13 19 -24 -12 -27 0
-28 -1 -16 -13 -19 25 20 14 0
9 -4 1 21 -14 3 5 -26 0
27 -1 10 13 -6 -29 -8 -25 0
-25 16 22 24 29 19 13 11 0
16 26 -29 -2 13 -17 14 -25 0
13 7 -6 20 3 -30 -1 24 0
4 -22 -30 -25 23 28 12 13 0
-24 -29 26 5 10 -12 -30 1 0
-1 17 -13 15 -26 -12 3 -20 0
22 -17 6 21 13 14 29 -18 0
5 -15 7 4 28 -17 11 -20 0
19 11 9 7 21 10 -1 18 0
6 26 25 5 -30 -11 -29 14 0
14 -28 -13 27 -23 -8 -30 22 0
-11 25 -7 -29 15 -1 4 3 0
18 8 28 -5 11 10 3 1 0
10 25 5 -15 19 -8 -17 -26 0
-18 4 16 -8 21 -20 -5 -27 0
25 8 -19 -7 -9 23 -22 -1 0
-30 10 -28 17 21 11 20 -15 0
15 -5 8 2 1 16 -26 20 0
-28 7 -11 -30 17 -21 -5 -16 0
-12 -16 -19 -22 -25 13 1 4 0
18 16 10 5 -17 15 13 -6 0
-23 -25 -19 -1 4 -10 -14 -6 0
3 -6 -14 -28 19 -5 -2 -12 0
-8 -2 -19 16 -20 -25 28 -30 0
-4 -17 8 -24 18 20 7 29 0
25 27 -11 -9 -5 -15 -8 26 0
21 -9 -12 2 22 -6 -16 -15 0
2 1 -4 3 16 29 -14 -13 0
-4 26 20 -11 15 -30 18 -9 0
20 25 -8 26 -15 4 18 -23 0
-18 -10 3 28 11 27 -8 -5 0
14 12 4 27 -22 -11 30 6 0
-9 13 -17 -10 -15 -14 5 -25 0
-29 23 19 28 2 -20 5 30 0
-16 -18 -29 1 -5 17 21 -15 0
9 5 -23 -14 21 11 10 -26 0
12 -23 25 -26 21 -18 -6 4 0
-25 -21 -16 22 -7 -19 -30 -15 0
-15 17 -29 4 12 -22 27 28 0
-17 8 -16 -1 -21 12 -6 -30 0
16 -13 1 -8 -23 -15 -30 -5 0
19 28 13 -16 -25 -1 -24 10 0
-29 -27 28 -11 23 -15 -21 -19 0
22 -10 -7 3 12 17 -19 20 0
12 -17 27 -1 -7 30 26 3 0
29 -4 -17 -21 -23 11 -2 -20 0
10 -12 22 -15 -27 4 -16 -28 0
27 4 -22 16 -12 -2 -14 -19 0
5 -3 -23 7 10 18 -28 -13 0
16 2 -15 17 13 30 12 4 0
-21 -8 30 -10 23 -9 3 -7 0
18 -24 14 -6 -5 -28 -21 29 0
1 8 25 14 -24 9 -3 -26 0
-8 6 -7 25 -2 -9 -30 1 0
-6 -26 -23 29 -25 2 -5 24 0
24 -14 -23 -19 -10 -30 4 -21 0
-24 10 2 -13 26 30 -22 -7 0
-23 -22 -18 20 30 13 27 9 0
26 19 15 -29 -22 -11 -16 12 0
4 18 -22 14 -5 -7 28 -30 0
-13 -20 4 18 -17 -22 6 -28 0
14 16 12 1 17 -29 -18 26 0
-23 -26 2 -27 17 16 28 -20 0
24 -14 -13 -10 -29 -11 -19 27 0
3 -11 5 -16 -18 -15 -2 -22 0
-24 1 9 -27 -13 -25 12 10 0
-22 20 -9 -30 27 -18 13 -23 0
-7 -1 -28 -18 9 13 -23 10 0
-5 -2 -6 30 7 -16 14 8 0
7 -30 -2 4 28 -17 10 -25 0
20 -5 -29 -2 28 -8 -7 -12 0
12 20 -9 -3 10 24 -6 -25 0
-6 12 24 -17 1 -27 16 -9 0
-8 -3 28 11 -12 7 -23 6 0
-26 -23 -19 6 7 -3 -18 -21 0
-13 -23 -16 22 -17 -2 -24 -26 0
-26 -17 9 -21 24 -29 20 22 0
9 11 26 18 -17 -27 10 22 0
22 29 26 21 17 -5 -3 11 0
28 -8 3 20 11 -29 1 14 0
-23 25 27 16 5 17 18 -7 0
-13 12 -26 -21 6 -9 29 8 0
27 -16 -19 4 20 3 -8 -12 0
-22 -15 -3 13 -30 11 -4 6 0
4 -16 -14 -19 -2 29 -17 15 0
4 18 27 -29 19 -15 -22 -28 0
-10 13 -28 29 11 19 8 -17 0
10 -1 7 -3 -4 19 9 -14 0
-25 26 -12 4 -2 18 29 16 0
2 -7 -8 15 -13 11 19 -28 0
13 -25 18 -28 23 -16 -1 9 0
20 -14 30 -15 25 -12 22 6 0
11 23 -21 3 12 -7 19 4 0
-20 17 -18 14 -11 5 -26 2 0
-19 -18 11 24 -13 10 -27 30 0
-19 17 29 -6 11 -15 -18 -23 0
30 -18 -27 -7 2 -24 29 14 0
4 -9 -24 19 -23 3 27 20 0
-6 -22 -28 -8 -24 -17 -29 25 0
1 -12 -24 -19 9 -7 30 5 0
-9 7 -17 24 15 -14 1 6 0
-1 -24 -11 25 21 15 -5 -12 0
25 -12 -22 -3 -6 28 -18 -29 0
-14 13 -24 11 -7 -19 -6 5 0
10 29 -14 12 -8 -3 13 -19 0
3 -1 26 10 -20 29 -12 -14 0
-15 30 -16 2 24 19 11 22 0
-9 -14 -16 7 -24 25 -4 30 0
29 24 12 18 7 -22 -3 -17 0
15 20 3 -16 -8 -14 24 -1 0
17 -26 -1 -10 -16 -9 18 21 0
21 13 -8 -7 12 2 -10 -15 0
23 2 -16 -22 -15 26 7 12 0
29 -20 10 -22 -23 28 -5 16 0
2 6 10 -25 3 12 -5 -11 0
21 -12 15 -4 29 25 -3 18 0
12 20 25 1 -18 -19 -14 30 0
6 -13 12 5 20 19 -15 2 0
13 28 -22 25 -30 18 16 -15 0
-7 -24 13 -18 -14 -8 -25 16 0
13 -15 -4 -19 26 -24 -5 -17 0
-23 17 15 -29 -1 13 -20 28 0
-15 -27 -19 -6 -13 -14 -22 7 0
-10 15 5 -6 -2 1 18 26 0
22 -4 -25 2 12 14 -7 24 0
24 -19 -9 -23 15 -17 10 -14 0
3 -13 29 11 20 -1 -18 22 0
-8 -9 18 -29 -20 -4 19 -17 0
27 -23 -16 21 -6 -11 -10 7 0
1 23 -6 -21 -13 8 16 11 0
23 -3 4 28 21 -20 2 11 0
-27 -21 2 19 16 -29 -17 -11 0
9 -18 -2 -22 -4 8 -19 10 0
10 20 28 -15 13 26 29 -22 0
-27 -14 -10 -7 -16 3 26 19 0
24 19 6 27 4 18 29 -2 0
-24 -3 16 21 -5 28 27 15 0
-25 24 5 -16 3 -23 6 -7 0
25 -2 -3 -4 -30 -29 23 -20 0
-15 -30 -14 -26 27 -12 21 -22 0
15 -1 16 7 -29 6 14 -27 0
30 -26 -16 1 -12 -15 14 5 0
-17 4 -14 26 8 30 10 6 0
21 -14 27 11 30 28 -10 24 0
